## Detector setup file for new FPD
########################################################################
##
##	#FP	Energy	Time	Pos
Size: 	328 	0 	1 	1
#RawHits:
#
Multi-hit: 64
#
##	Scalers	Calib	Overlap	Micro	#trig	Toff	Tres
Misc:	1	1	0	0	0	165.0	0.0
##
Window:   -20. 20. -40. -20.
Window:   -20. 20.  20.  40.
##
## N.B. No QDC information supplied
##
## Section: 0, FPD Channels: 0 - 31  TDC Channels: 800 - 831
##
Element:       0  0.000    0.0    0.00 0.000000   849M0  -700.0   700.0 -4074.95 0.100000    0.000    0.000    0.000  840.300 0.000 2067
Element:       1  0.000    0.0    0.00 0.000000   832M0  -700.0   700.0 -4069.04 0.100000    0.000    0.000    0.000  836.800 0.000 2064
Element:       2  0.000    0.0    0.00 0.000000   833M0  -700.0   700.0 -4078.73 0.100000    0.000    0.000    0.000  833.200 0.000 2066
Element:       3  0.000    0.0    0.00 0.000000   848M0  -700.0   700.0 -4079.61 0.100000    0.000    0.000    0.000  829.700 0.000 2065
Element:       4  0.000    0.0    0.00 0.000000   817M0  -700.0   700.0 -4087.36 0.100000    0.000    0.000    0.000  826.100 0.000 2867
Element:       5  0.000    0.0    0.00 0.000000   800M0  -700.0   700.0 -4088.56 0.100000    0.000    0.000    0.000  822.500 0.000 2864
Element:       6  0.000    0.0    0.00 0.000000   801M0  -700.0   700.0 -4076.86 0.100000    0.000    0.000    0.000  819.000 0.000 2866
Element:       7  0.000    0.0    0.00 0.000000   816M0  -700.0   700.0 -4074.49 0.100000    0.000    0.000    0.000  815.400 0.000 2865
Element:       8  0.000    0.0    0.00 0.000000   977M0  -700.0   700.0 -4074.52 0.100000    0.000    0.000    0.000  811.600 0.000 2355
Element:       9  0.000    0.0    0.00 0.000000   960M0  -700.0   700.0 -4072.44 0.100000    0.000    0.000    0.000  808.100 0.000 2352
Element:      10  0.000    0.0    0.00 0.000000   961M0  -700.0   700.0 -4081.31 0.100000    0.000    0.000    0.000  804.600 0.000 2354
Element:      11  0.000    0.0    0.00 0.000000   976M0  -700.0   700.0 -4077.31 0.100000    0.000    0.000    0.000  801.100 0.000 2353
Element:      12  0.000    0.0    0.00 0.000000   945M0  -700.0   700.0 -4087.66 0.100000    0.000    0.000    0.000  797.600 0.000 2003
Element:      13  0.000    0.0    0.00 0.000000   928M0  -700.0   700.0 -4074.65 0.100000    0.000    0.000    0.000  794.100 0.000 2000
Element:      14  0.000    0.0    0.00 0.000000   929M0  -700.0   700.0 -4072.77 0.100000    0.000    0.000    0.000  790.600 0.000 2002
Element:      15  0.000    0.0    0.00 0.000000   944M0  -700.0   700.0 -4077.09 0.100000    0.000    0.000    0.000  787.100 0.000 2001
Element:      16  0.000    0.0    0.00 0.000000  1105M0  -700.0   700.0 -4057.11 0.100000    0.000    0.000    0.000  783.400 0.000 2611
Element:      17  0.000    0.0    0.00 0.000000  1088M0  -700.0   700.0 -4057.17 0.100000    0.000    0.000    0.000  779.900 0.000 2608
Element:      18  0.000    0.0    0.00 0.000000  1089M0  -700.0   700.0 -4062.87 0.100000    0.000    0.000    0.000  776.500 0.000 2610
Element:      19  0.000    0.0    0.00 0.000000  1104M0  -700.0   700.0 -4064.85 0.100000    0.000    0.000    0.000  773.100 0.000 2609
Element:      20  0.000    0.0    0.00 0.000000  1073M0  -700.0   700.0 -4066.70 0.100000    0.000    0.000    0.000  769.600 0.000 2323
Element:      21  0.000    0.0    0.00 0.000000  1056M0  -700.0   700.0 -4061.43 0.100000    0.000    0.000    0.000  766.200 0.000 2320
Element:      22  0.000    0.0    0.00 0.000000  1057M0  -700.0   700.0 -4058.84 0.100000    0.000    0.000    0.000  762.800 0.000 2322
Element:      23  0.000    0.0    0.00 0.000000  1072M0  -700.0   700.0 -4067.69 0.100000    0.000    0.000    0.000  759.400 0.000 2321
Element:      24  0.000    0.0    0.00 0.000000   913M0  -700.0   700.0 -4098.99 0.100000    0.000    0.000    0.000  755.700 0.000 2291
Element:      25  0.000    0.0    0.00 0.000000   896M0  -700.0   700.0 -4089.76 0.100000    0.000    0.000    0.000  752.400 0.000 2288
Element:      26  0.000    0.0    0.00 0.000000   897M0  -700.0   700.0 -4099.12 0.100000    0.000    0.000    0.000  749.000 0.000 2290
Element:      27  0.000    0.0    0.00 0.000000   912M0  -700.0   700.0 -4098.95 0.100000    0.000    0.000    0.000  745.600 0.000 2289
Element:      28  0.000    0.0    0.00 0.000000   881M0  -700.0   700.0 -4099.23 0.100000    0.000    0.000    0.000  742.300 0.000 2579
Element:      29  0.000    0.0    0.00 0.000000   864M0  -700.0   700.0 -4093.19 0.100000    0.000    0.000    0.000  738.900 0.000 2576
Element:      30  0.000    0.0    0.00 0.000000   865M0  -700.0   700.0 -4089.52 0.100000    0.000    0.000    0.000  735.600 0.000 2578
Element:      31  0.000    0.0    0.00 0.000000   880M0  -700.0   700.0 -4092.17 0.100000    0.000    0.000    0.000  732.200 0.000 2577
Element:      32  0.000    0.0    0.00 0.000000  1041M0  -700.0   700.0 -4095.53 0.100000    0.000    0.000    0.000  728.700 0.000 2035
Element:      33  0.000    0.0    0.00 0.000000  1024M0  -700.0   700.0 -4086.79 0.100000    0.000    0.000    0.000  725.500 0.000 2032
Element:      34  0.000    0.0    0.00 0.000000  1025M0  -700.0   700.0 -4100.52 0.100000    0.000    0.000    0.000  722.200 0.000 2034
Element:      35  0.000    0.0    0.00 0.000000  1040M0  -700.0   700.0 -4098.56 0.100000    0.000    0.000    0.000  718.900 0.000 2033
Element:      36  0.000    0.0    0.00 0.000000  1009M0  -700.0   700.0 -4096.47 0.100000    0.000    0.000    0.000  715.600 0.000 2643
Element:      37  0.000    0.0    0.00 0.000000   992M0  -700.0   700.0 -4091.63 0.100000    0.000    0.000    0.000  712.400 0.000 2640
Element:      38  0.000    0.0    0.00 0.000000   993M0  -700.0   700.0 -4080.39 0.100000    0.000    0.000    0.000  709.100 0.000 2642
Element:      39  0.000    0.0    0.00 0.000000  1008M0  -700.0   700.0 -4091.45 0.100000    0.000    0.000    0.000  705.800 0.000 2641
Element:      40  0.000    0.0    0.00 0.000000  1169M0  -700.0   700.0 -4112.68 0.100000    0.000    0.000    0.000  702.400 0.000 2931
Element:      41  0.000    0.0    0.00 0.000000  1152M0  -700.0   700.0 -4110.64 0.100000    0.000    0.000    0.000  699.200 0.000 2928
Element:      42  0.000    0.0    0.00 0.000000  1153M0  -700.0   700.0 -4109.37 0.100000    0.000    0.000    0.000  696.000 0.000 2930
Element:      43  0.000    0.0    0.00 0.000000  1168M0  -700.0   700.0 -4119.29 0.100000    0.000    0.000    0.000  692.900 0.000 2929
Element:      44  0.000    0.0    0.00 0.000000  1137M0  -700.0   700.0 -4073.97 0.100000    0.000    0.000    0.000  689.700 0.000 2899
Element:      45  0.000    0.0    0.00 0.000000  1120M0  -700.0   700.0 -4071.68 0.100000    0.000    0.000    0.000  686.500 0.000 2896
Element:      46  0.000    0.0    0.00 0.000000  1121M0  -700.0   700.0 -4070.43 0.100000    0.000    0.000    0.000  683.300 0.000 2898
Element:      47  0.000    0.0    0.00 0.000000  1136M0  -700.0   700.0 -4056.97 0.100000    0.000    0.000    0.000  680.100 0.000 2897
Element:      48  0.000    0.0    0.00 0.000000   851M0  -700.0   700.0 -4109.95 0.100000    0.000    0.000    0.000  676.900 0.000 2071
Element:      49  0.000    0.0    0.00 0.000000   834M0  -700.0   700.0 -4102.32 0.100000    0.000    0.000    0.000  673.800 0.000 2068
Element:      50  0.000    0.0    0.00 0.000000   835M0  -700.0   700.0 -4104.84 0.100000    0.000    0.000    0.000  670.600 0.000 2070
Element:      51  0.000    0.0    0.00 0.000000   850M0  -700.0   700.0 -4106.48 0.100000    0.000    0.000    0.000  667.500 0.000 2069
Element:      52  0.000    0.0    0.00 0.000000   819M0  -700.0   700.0 -4119.20 0.100000    0.000    0.000    0.000  664.400 0.000 2871
Element:      53  0.000    0.0    0.00 0.000000   802M0  -700.0   700.0 -4114.97 0.100000    0.000    0.000    0.000  661.400 0.000 2868
Element:      54  0.000    0.0    0.00 0.000000   803M0  -700.0   700.0 -4106.61 0.100000    0.000    0.000    0.000  658.300 0.000 2870
Element:      55  0.000    0.0    0.00 0.000000   818M0  -700.0   700.0 -4111.41 0.100000    0.000    0.000    0.000  655.200 0.000 2869
Element:      56  0.000    0.0    0.00 0.000000   979M0  -700.0   700.0 -4106.81 0.100000    0.000    0.000    0.000  652.000 0.000 2359
Element:      57  0.000    0.0    0.00 0.000000   962M0  -700.0   700.0 -4103.29 0.100000    0.000    0.000    0.000  649.000 0.000 2356
Element:      58  0.000    0.0    0.00 0.000000   963M0  -700.0   700.0 -4098.67 0.100000    0.000    0.000    0.000  646.000 0.000 2358
Element:      59  0.000    0.0    0.00 0.000000   978M0  -700.0   700.0 -4109.62 0.100000    0.000    0.000    0.000  643.000 0.000 2357
Element:      60  0.000    0.0    0.00 0.000000   947M0  -700.0   700.0 -4108.44 0.100000    0.000    0.000    0.000  640.000 0.000 2007
Element:      61  0.000    0.0    0.00 0.000000   930M0  -700.0   700.0 -4100.29 0.100000    0.000    0.000    0.000  637.000 0.000 2004
Element:      62  0.000    0.0    0.00 0.000000   931M0  -700.0   700.0 -4099.58 0.100000    0.000    0.000    0.000  634.000 0.000 2006
Element:      63  0.000    0.0    0.00 0.000000   946M0  -700.0   700.0 -4100.31 0.100000    0.000    0.000    0.000  631.000 0.000 2005
Element:      64  0.000    0.0    0.00 0.000000  1107M0  -700.0   700.0 -4095.95 0.100000    0.000    0.000    0.000  628.000 0.000 2615
Element:      65  0.000    0.0    0.00 0.000000  1090M0  -700.0   700.0 -4088.66 0.100000    0.000    0.000    0.000  625.000 0.000 2612
Element:      66  0.000    0.0    0.00 0.000000  1091M0  -700.0   700.0 -4090.27 0.100000    0.000    0.000    0.000  622.100 0.000 2614
Element:      67  0.000    0.0    0.00 0.000000  1106M0  -700.0   700.0 -4093.41 0.100000    0.000    0.000    0.000  619.100 0.000 2613
Element:      68  0.000    0.0    0.00 0.000000  1075M0  -700.0   700.0 -4100.36 0.100000    0.000    0.000    0.000  616.200 0.000 2327
Element:      69  0.000    0.0    0.00 0.000000  1058M0  -700.0   700.0 -4087.73 0.100000    0.000    0.000    0.000  613.300 0.000 2324
Element:      70  0.000    0.0    0.00 0.000000  1059M0  -700.0   700.0 -4085.62 0.100000    0.000    0.000    0.000  610.400 0.000 2326
Element:      71  0.000    0.0    0.00 0.000000  1074M0  -700.0   700.0 -4091.01 0.100000    0.000    0.000    0.000  607.500 0.000 2325
Element:      72  0.000    0.0    0.00 0.000000   915M0  -700.0   700.0 -4131.62 0.100000    0.000    0.000    0.000  604.600 0.000 2295
Element:      73  0.000    0.0    0.00 0.000000   898M0  -700.0   700.0 -4122.70 0.100000    0.000    0.000    0.000  601.800 0.000 2292
Element:      74  0.000    0.0    0.00 0.000000   899M0  -700.0   700.0 -4125.85 0.100000    0.000    0.000    0.000  598.900 0.000 2294
Element:      75  0.000    0.0    0.00 0.000000   914M0  -700.0   700.0 -4128.45 0.100000    0.000    0.000    0.000  596.100 0.000 2293
Element:      76  0.000    0.0    0.00 0.000000   883M0  -700.0   700.0 -4124.97 0.100000    0.000    0.000    0.000  593.200 0.000 2583
Element:      77  0.000    0.0    0.00 0.000000   866M0  -700.0   700.0 -4123.97 0.100000    0.000    0.000    0.000  590.400 0.000 2580
Element:      78  0.000    0.0    0.00 0.000000   867M0  -700.0   700.0 -4121.32 0.100000    0.000    0.000    0.000  587.600 0.000 2582
Element:      79  0.000    0.0    0.00 0.000000   882M0  -700.0   700.0 -4125.98 0.100000    0.000    0.000    0.000  584.800 0.000 2581
Element:      80  0.000    0.0    0.00 0.000000  1043M0  -700.0   700.0 -4129.92 0.100000    0.000    0.000    0.000  582.000 0.000 2039
Element:      81  0.000    0.0    0.00 0.000000  1026M0  -700.0   700.0 -4114.12 0.100000    0.000    0.000    0.000  579.200 0.000 2036
Element:      82  0.000    0.0    0.00 0.000000  1027M0  -700.0   700.0 -4124.78 0.100000    0.000    0.000    0.000  576.500 0.000 2038
Element:      83  0.000    0.0    0.00 0.000000  1042M0  -700.0   700.0 -4129.18 0.100000    0.000    0.000    0.000  573.700 0.000 2037
Element:      84  0.000    0.0    0.00 0.000000  1011M0  -700.0   700.0 -4126.04 0.100000    0.000    0.000    0.000  571.000 0.000 2647
Element:      85  0.000    0.0    0.00 0.000000   994M0  -700.0   700.0 -4117.31 0.100000    0.000    0.000    0.000  568.200 0.000 2644
Element:      86  0.000    0.0    0.00 0.000000   995M0  -700.0   700.0 -4114.91 0.100000    0.000    0.000    0.000  565.500 0.000 2646
Element:      87  0.000    0.0    0.00 0.000000  1010M0  -700.0   700.0 -4121.78 0.100000    0.000    0.000    0.000  562.800 0.000 2645
Element:      88  0.000    0.0    0.00 0.000000  1171M0  -700.0   700.0 -4139.53 0.100000    0.000    0.000    0.000  560.100 0.000 2935
Element:      89  0.000    0.0    0.00 0.000000  1154M0  -700.0   700.0 -4128.98 0.100000    0.000    0.000    0.000  557.400 0.000 2932
Element:      90  0.000    0.0    0.00 0.000000  1155M0  -700.0   700.0 -4139.50 0.100000    0.000    0.000    0.000  554.700 0.000 2934
Element:      91  0.000    0.0    0.00 0.000000  1170M0  -700.0   700.0 -4138.32 0.100000    0.000    0.000    0.000  552.000 0.000 2933
Element:      92  0.000    0.0    0.00 0.000000  1139M0  -700.0   700.0 -4102.63 0.100000    0.000    0.000    0.000  549.400 0.000 2903
Element:      93  0.000    0.0    0.00 0.000000  1122M0  -700.0   700.0 -4099.49 0.100000    0.000    0.000    0.000  546.700 0.000 2900
Element:      94  0.000    0.0    0.00 0.000000  1123M0  -700.0   700.0 -4098.59 0.100000    0.000    0.000    0.000  544.100 0.000 2902
Element:      95  0.000    0.0    0.00 0.000000  1138M0  -700.0   700.0 -4097.55 0.100000    0.000    0.000    0.000  541.500 0.000 2901
Element:      96  0.000    0.0    0.00 0.000000   853M0  -700.0   700.0 -4145.11 0.100000    0.000    0.000    0.000  538.900 0.000 2075
Element:      97  0.000    0.0    0.00 0.000000   836M0  -700.0   700.0 -4138.23 0.100000    0.000    0.000    0.000  536.200 0.000 2072
Element:      98  0.000    0.0    0.00 0.000000   837M0  -700.0   700.0 -4147.29 0.100000    0.000    0.000    0.000  533.600 0.000 2074
Element:      99  0.000    0.0    0.00 0.000000   852M0  -700.0   700.0 -4147.24 0.100000    0.000    0.000    0.000  531.100 0.000 2073
Element:     100  0.000    0.0    0.00 0.000000   821M0  -700.0   700.0 -4150.13 0.100000    0.000    0.000    0.000  528.500 0.000 2875
Element:     101  0.000    0.0    0.00 0.000000   804M0  -700.0   700.0 -4143.11 0.100000    0.000    0.000    0.000  525.900 0.000 2872
Element:     102  0.000    0.0    0.00 0.000000   805M0  -700.0   700.0 -4140.95 0.100000    0.000    0.000    0.000  523.400 0.000 2874
Element:     103  0.000    0.0    0.00 0.000000   820M0  -700.0   700.0 -4148.65 0.100000    0.000    0.000    0.000  520.800 0.000 2873
Element:     104  0.000    0.0    0.00 0.000000   981M0  -700.0   700.0 -4144.25 0.100000    0.000    0.000    0.000  518.300 0.000 2363
Element:     105  0.000    0.0    0.00 0.000000   964M0  -700.0   700.0 -4143.25 0.100000    0.000    0.000    0.000  515.800 0.000 2360
Element:     106  0.000    0.0    0.00 0.000000   965M0  -700.0   700.0 -4141.66 0.100000    0.000    0.000    0.000  513.200 0.000 2362
Element:     107  0.000    0.0    0.00 0.000000   980M0  -700.0   700.0 -4142.11 0.100000    0.000    0.000    0.000  510.700 0.000 2361
Element:     108  0.000    0.0    0.00 0.000000   949M0  -700.0   700.0 -4145.91 0.100000    0.000    0.000    0.000  508.200 0.000 2011
Element:     109  0.000    0.0    0.00 0.000000   932M0  -700.0   700.0 -4137.93 0.100000    0.000    0.000    0.000  505.700 0.000 2008
Element:     110  0.000    0.0    0.00 0.000000   933M0  -700.0   700.0 -4136.40 0.100000    0.000    0.000    0.000  503.200 0.000 2010
Element:     111  0.000    0.0    0.00 0.000000   948M0  -700.0   700.0 -4141.10 0.100000    0.000    0.000    0.000  500.800 0.000 2009
Element:     112  0.000    0.0    0.00 0.000000  1109M0  -700.0   700.0 -4127.89 0.100000    0.000    0.000    0.000  498.400 0.000 2619
Element:     113  0.000    0.0    0.00 0.000000  1092M0  -700.0   700.0 -4124.23 0.100000    0.000    0.000    0.000  495.900 0.000 2616
Element:     114  0.000    0.0    0.00 0.000000  1093M0  -700.0   700.0 -4126.65 0.100000    0.000    0.000    0.000  493.500 0.000 2618
Element:     115  0.000    0.0    0.00 0.000000  1108M0  -700.0   700.0 -4127.38 0.100000    0.000    0.000    0.000  491.000 0.000 2617
Element:     116  0.000    0.0    0.00 0.000000  1077M0  -700.0   700.0 -4127.48 0.100000    0.000    0.000    0.000  488.600 0.000 2331
Element:     117  0.000    0.0    0.00 0.000000  1060M0  -700.0   700.0 -4120.82 0.100000    0.000    0.000    0.000  486.200 0.000 2328
Element:     118  0.000    0.0    0.00 0.000000  1061M0  -700.0   700.0 -4118.63 0.100000    0.000    0.000    0.000  483.800 0.000 2330
Element:     119  0.000    0.0    0.00 0.000000  1076M0  -700.0   700.0 -4117.84 0.100000    0.000    0.000    0.000  481.400 0.000 2329
Element:     120  0.000    0.0    0.00 0.000000   917M0  -700.0   700.0 -4161.10 0.100000    0.000    0.000    0.000  479.100 0.000 2299
Element:     121  0.000    0.0    0.00 0.000000   900M0  -700.0   700.0 -4150.87 0.100000    0.000    0.000    0.000  476.700 0.000 2296
Element:     122  0.000    0.0    0.00 0.000000   901M0  -700.0   700.0 -4139.35 0.100000    0.000    0.000    0.000  474.300 0.000 2298
Element:     123  0.000    0.0    0.00 0.000000   916M0  -700.0   700.0 -4158.31 0.100000    0.000    0.000    0.000  471.900 0.000 2297
Element:     124  0.000    0.0    0.00 0.000000   885M0  -700.0   700.0 -4158.22 0.100000    0.000    0.000    0.000  469.600 0.000 2587
Element:     125  0.000    0.0    0.00 0.000000   868M0  -700.0   700.0 -4152.84 0.100000    0.000    0.000    0.000  467.200 0.000 2584
Element:     126  0.000    0.0    0.00 0.000000   869M0  -700.0   700.0 -4150.33 0.100000    0.000    0.000    0.000  464.900 0.000 2586
Element:     127  0.000    0.0    0.00 0.000000   884M0  -700.0   700.0 -4152.90 0.100000    0.000    0.000    0.000  462.600 0.000 2585
Element:     128  0.000    0.0    0.00 0.000000  1045M0  -700.0   700.0 -4163.29 0.100000    0.000    0.000    0.000  460.300 0.000 2043
Element:     129  0.000    0.0    0.00 0.000000  1028M0  -700.0   700.0 -4151.39 0.100000    0.000    0.000    0.000  458.000 0.000 2040
Element:     130  0.000    0.0    0.00 0.000000  1029M0  -700.0   700.0 -4159.28 0.100000    0.000    0.000    0.000  455.700 0.000 2042
Element:     131  0.000    0.0    0.00 0.000000  1044M0  -700.0   700.0 -4160.15 0.100000    0.000    0.000    0.000  453.400 0.000 2041
Element:     132  0.000    0.0    0.00 0.000000  1013M0  -700.0   700.0 -4158.65 0.100000    0.000    0.000    0.000  451.100 0.000 2651
Element:     133  0.000    0.0    0.00 0.000000   996M0  -700.0   700.0 -4151.76 0.100000    0.000    0.000    0.000  448.900 0.000 2648
Element:     134  0.000    0.0    0.00 0.000000   997M0  -700.0   700.0 -4152.19 0.100000    0.000    0.000    0.000  446.600 0.000 2650
Element:     135  0.000    0.0    0.00 0.000000  1012M0  -700.0   700.0 -4150.14 0.100000    0.000    0.000    0.000  444.300 0.000 2649
Element:     136  0.000    0.0    0.00 0.000000  1173M0  -700.0   700.0 -4174.15 0.100000    0.000    0.000    0.000  442.200 0.000 2939
Element:     137  0.000    0.0    0.00 0.000000  1156M0  -700.0   700.0 -4164.64 0.100000    0.000    0.000    0.000  439.900 0.000 2936
Element:     138  0.000    0.0    0.00 0.000000  1157M0  -700.0   700.0 -4176.28 0.100000    0.000    0.000    0.000  437.700 0.000 2938
Element:     139  0.000    0.0    0.00 0.000000  1172M0  -700.0   700.0 -4175.01 0.100000    0.000    0.000    0.000  435.500 0.000 2937
Element:     140  0.000    0.0    0.00 0.000000  1141M0  -700.0   700.0 -4138.31 0.100000    0.000    0.000    0.000  433.200 0.000 2907
Element:     141  0.000    0.0    0.00 0.000000  1124M0  -700.0   700.0 -4133.11 0.100000    0.000    0.000    0.000  431.000 0.000 2904
Element:     142  0.000    0.0    0.00 0.000000  1125M0  -700.0   700.0 -4132.71 0.100000    0.000    0.000    0.000  428.800 0.000 2906
Element:     143  0.000    0.0    0.00 0.000000  1140M0  -700.0   700.0 -4132.39 0.100000    0.000    0.000    0.000  426.600 0.000 2905
Element:     144  0.000    0.0    0.00 0.000000   855M0  -700.0   700.0 -4182.50 0.100000    0.000    0.000    0.000  424.600 0.000 2079
Element:     145  0.000    0.0    0.00 0.000000   838M0  -700.0   700.0 -4178.60 0.100000    0.000    0.000    0.000  422.400 0.000 2076
Element:     146  0.000    0.0    0.00 0.000000   839M0  -700.0   700.0 -4183.10 0.100000    0.000    0.000    0.000  420.200 0.000 2078
Element:     147  0.000    0.0    0.00 0.000000   854M0  -700.0   700.0 -4180.57 0.100000    0.000    0.000    0.000  418.000 0.000 2077
Element:     148  0.000    0.0    0.00 0.000000   823M0  -700.0   700.0 -4180.47 0.100000    0.000    0.000    0.000  415.900 0.000 2879
Element:     149  0.000    0.0    0.00 0.000000   806M0  -700.0   700.0 -4177.40 0.100000    0.000    0.000    0.000  413.700 0.000 2876
Element:     150  0.000    0.0    0.00 0.000000   807M0  -700.0   700.0 -4179.38 0.100000    0.000    0.000    0.000  411.600 0.000 2878
Element:     151  0.000    0.0    0.00 0.000000   822M0  -700.0   700.0 -4177.02 0.100000    0.000    0.000    0.000  409.500 0.000 2877
Element:     152  0.000    0.0    0.00 0.000000   983M0  -700.0   700.0 -4170.40 0.100000    0.000    0.000    0.000  407.500 0.000 2367
Element:     153  0.000    0.0    0.00 0.000000   966M0  -700.0   700.0 -4162.04 0.100000    0.000    0.000    0.000  405.300 0.000 2364
Element:     154  0.000    0.0    0.00 0.000000   967M0  -700.0   700.0 -4171.34 0.100000    0.000    0.000    0.000  403.200 0.000 2366
Element:     155  0.000    0.0    0.00 0.000000   982M0  -700.0   700.0 -4171.11 0.100000    0.000    0.000    0.000  401.100 0.000 2365
Element:     156  0.000    0.0    0.00 0.000000   951M0  -700.0   700.0 -4176.85 0.100000    0.000    0.000    0.000  399.000 0.000 2015
Element:     157  0.000    0.0    0.00 0.000000   934M0  -700.0   700.0 -4172.96 0.100000    0.000    0.000    0.000  396.900 0.000 2012
Element:     158  0.000    0.0    0.00 0.000000   935M0  -700.0   700.0 -4169.58 0.100000    0.000    0.000    0.000  394.900 0.000 2014
Element:     159  0.000    0.0    0.00 0.000000   950M0  -700.0   700.0 -4170.41 0.100000    0.000    0.000    0.000  392.800 0.000 2013
Element:     160  0.000    0.0    0.00 0.000000  1111M0  -700.0   700.0 -4152.20 0.100000    0.000    0.000    0.000  390.900 0.000 2623
Element:     161  0.000    0.0    0.00 0.000000  1094M0  -700.0   700.0 -4149.30 0.100000    0.000    0.000    0.000  388.800 0.000 2620
Element:     162  0.000    0.0    0.00 0.000000  1095M0  -700.0   700.0 -4157.98 0.100000    0.000    0.000    0.000  386.700 0.000 2622
Element:     163  0.000    0.0    0.00 0.000000  1110M0  -700.0   700.0 -4154.06 0.100000    0.000    0.000    0.000  384.700 0.000 2621
Element:     164  0.000    0.0    0.00 0.000000  1079M0  -700.0   700.0 -4163.31 0.100000    0.000    0.000    0.000  382.600 0.000 2335
Element:     165  0.000    0.0    0.00 0.000000  1062M0  -700.0   700.0 -4157.67 0.100000    0.000    0.000    0.000  380.600 0.000 2332
Element:     166  0.000    0.0    0.00 0.000000  1063M0  -700.0   700.0 -4150.05 0.100000    0.000    0.000    0.000  378.600 0.000 2334
Element:     167  0.000    0.0    0.00 0.000000  1078M0  -700.0   700.0 -4157.15 0.100000    0.000    0.000    0.000  376.600 0.000 2333
Element:     168  0.000    0.0    0.00 0.000000   919M0  -700.0   700.0 -4192.70 0.100000    0.000    0.000    0.000  374.700 0.000 2303
Element:     169  0.000    0.0    0.00 0.000000   902M0  -700.0   700.0 -4194.32 0.100000    0.000    0.000    0.000  372.700 0.000 2300
Element:     170  0.000    0.0    0.00 0.000000   903M0  -700.0   700.0 -4188.95 0.100000    0.000    0.000    0.000  370.700 0.000 2302
Element:     171  0.000    0.0    0.00 0.000000   918M0  -700.0   700.0 -4197.36 0.100000    0.000    0.000    0.000  368.700 0.000 2301
Element:     172  0.000    0.0    0.00 0.000000   887M0  -700.0   700.0 -4182.67 0.100000    0.000    0.000    0.000  366.700 0.000 2591
Element:     173  0.000    0.0    0.00 0.000000   870M0  -700.0   700.0 -4180.71 0.100000    0.000    0.000    0.000  364.800 0.000 2588
Element:     174  0.000    0.0    0.00 0.000000   871M0  -700.0   700.0 -4179.37 0.100000    0.000    0.000    0.000  362.800 0.000 2590
Element:     175  0.000    0.0    0.00 0.000000   886M0  -700.0   700.0 -4178.85 0.100000    0.000    0.000    0.000  360.900 0.000 2589
Element:     176  0.000    0.0    0.00 0.000000  1047M0  -700.0   700.0 -4185.47 0.100000    0.000    0.000    0.000  359.100 0.000 2047
Element:     177  0.000    0.0    0.00 0.000000  1030M0  -700.0   700.0 -4179.35 0.100000    0.000    0.000    0.000  357.100 0.000 2044
Element:     178  0.000    0.0    0.00 0.000000  1031M0  -700.0   700.0 -4193.15 0.100000    0.000    0.000    0.000  355.100 0.000 2046
Element:     179  0.000    0.0    0.00 0.000000  1046M0  -700.0   700.0 -4190.41 0.100000    0.000    0.000    0.000  353.200 0.000 2045
Element:     180  0.000    0.0    0.00 0.000000  1015M0  -700.0   700.0 -4182.68 0.100000    0.000    0.000    0.000  351.300 0.000 2655
Element:     181  0.000    0.0    0.00 0.000000   998M0  -700.0   700.0 -4182.70 0.100000    0.000    0.000    0.000  349.400 0.000 2652
Element:     182  0.000    0.0    0.00 0.000000   999M0  -700.0   700.0 -4177.19 0.100000    0.000    0.000    0.000  347.500 0.000 2654
Element:     183  0.000    0.0    0.00 0.000000  1014M0  -700.0   700.0 -4181.51 0.100000    0.000    0.000    0.000  345.600 0.000 2653
Element:     184  0.000    0.0    0.00 0.000000  1175M0  -700.0   700.0 -4200.50 0.100000    0.000    0.000    0.000  343.800 0.000 2943
Element:     185  0.000    0.0    0.00 0.000000  1158M0  -700.0   700.0 -4195.53 0.100000    0.000    0.000    0.000  341.900 0.000 2940
Element:     186  0.000    0.0    0.00 0.000000  1159M0  -700.0   700.0 -4205.99 0.100000    0.000    0.000    0.000  340.000 0.000 2942
Element:     187  0.000    0.0    0.00 0.000000  1174M0  -700.0   700.0 -4200.99 0.100000    0.000    0.000    0.000  338.100 0.000 2941
Element:     188  0.000    0.0    0.00 0.000000  1143M0  -700.0   700.0 -4170.57 0.100000    0.000    0.000    0.000  336.300 0.000 2911
Element:     189  0.000    0.0    0.00 0.000000  1126M0  -700.0   700.0 -4166.24 0.100000    0.000    0.000    0.000  334.400 0.000 2908
Element:     190  0.000    0.0    0.00 0.000000  1127M0  -700.0   700.0 -4157.18 0.100000    0.000    0.000    0.000  332.500 0.000 2910
Element:     191  0.000    0.0    0.00 0.000000  1142M0  -700.0   700.0 -4165.39 0.100000    0.000    0.000    0.000  330.700 0.000 2909
Element:     192  0.000    0.0    0.00 0.000000   857M0  -700.0   700.0 -4207.93 0.100000    0.000    0.000    0.000  329.000 0.000 2083
Element:     193  0.000    0.0    0.00 0.000000   840M0  -700.0   700.0 -4206.55 0.100000    0.000    0.000    0.000  327.100 0.000 2080
Element:     194  0.000    0.0    0.00 0.000000   841M0  -700.0   700.0 -4210.40 0.100000    0.000    0.000    0.000  325.300 0.000 2082
Element:     195  0.000    0.0    0.00 0.000000   856M0  -700.0   700.0 -4208.45 0.100000    0.000    0.000    0.000  323.500 0.000 2081
Element:     196  0.000    0.0    0.00 0.000000   825M0  -700.0   700.0 -4204.87 0.100000    0.000    0.000    0.000  321.600 0.000 2883
Element:     197  0.000    0.0    0.00 0.000000   808M0  -700.0   700.0 -4202.00 0.100000    0.000    0.000    0.000  319.800 0.000 2880
Element:     198  0.000    0.0    0.00 0.000000   809M0  -700.0   700.0 -4199.53 0.100000    0.000    0.000    0.000  318.000 0.000 2882
Element:     199  0.000    0.0    0.00 0.000000   824M0  -700.0   700.0 -4202.16 0.100000    0.000    0.000    0.000  316.200 0.000 2881
Element:     200  0.000    0.0    0.00 0.000000   985M0  -700.0   700.0 -4199.74 0.100000    0.000    0.000    0.000  314.600 0.000 2371
Element:     201  0.000    0.0    0.00 0.000000   968M0  -700.0   700.0 -4194.14 0.100000    0.000    0.000    0.000  312.800 0.000 2368
Element:     202  0.000    0.0    0.00 0.000000   969M0  -700.0   700.0 -4202.84 0.100000    0.000    0.000    0.000  311.000 0.000 2370
Element:     203  0.000    0.0    0.00 0.000000   984M0  -700.0   700.0 -4202.35 0.100000    0.000    0.000    0.000  309.200 0.000 2369
Element:     204  0.000    0.0    0.00 0.000000   953M0  -700.0   700.0 -4205.05 0.100000    0.000    0.000    0.000  307.400 0.000 2019
Element:     205  0.000    0.0    0.00 0.000000   936M0  -700.0   700.0 -4200.36 0.100000    0.000    0.000    0.000  305.700 0.000 2016
Element:     206  0.000    0.0    0.00 0.000000   937M0  -700.0   700.0 -4194.32 0.100000    0.000    0.000    0.000  303.900 0.000 2018
Element:     207  0.000    0.0    0.00 0.000000   952M0  -700.0   700.0 -4201.03 0.100000    0.000    0.000    0.000  302.200 0.000 2017
Element:     208  0.000    0.0    0.00 0.000000  1113M0  -700.0   700.0 -4186.38 0.100000    0.000    0.000    0.000  300.600 0.000 2627
Element:     209  0.000    0.0    0.00 0.000000  1096M0  -700.0   700.0 -4188.93 0.100000    0.000    0.000    0.000  298.800 0.000 2624
Element:     210  0.000    0.0    0.00 0.000000  1097M0  -700.0   700.0 -4190.52 0.100000    0.000    0.000    0.000  297.100 0.000 2626
Element:     211  0.000    0.0    0.00 0.000000  1112M0  -700.0   700.0 -4188.46 0.100000    0.000    0.000    0.000  295.400 0.000 2625
Element:     212  0.000    0.0    0.00 0.000000  1081M0  -700.0   700.0 -4185.41 0.100000    0.000    0.000    0.000  293.600 0.000 2339
Element:     213  0.000    0.0    0.00 0.000000  1064M0  -700.0   700.0 -4185.87 0.100000    0.000    0.000    0.000  291.900 0.000 2336
Element:     214  0.000    0.0    0.00 0.000000  1065M0  -700.0   700.0 -4182.62 0.100000    0.000    0.000    0.000  290.200 0.000 2338
Element:     215  0.000    0.0    0.00 0.000000  1080M0  -700.0   700.0 -4180.47 0.100000    0.000    0.000    0.000  288.500 0.000 2337
Element:     216  0.000    0.0    0.00 0.000000   921M0  -700.0   700.0 -4216.01 0.100000    0.000    0.000    0.000  287.000 0.000 2307
Element:     217  0.000    0.0    0.00 0.000000   904M0  -700.0   700.0 -4217.61 0.100000    0.000    0.000    0.000  285.300 0.000 2304
Element:     218  0.000    0.0    0.00 0.000000   905M0  -700.0   700.0 -4213.53 0.100000    0.000    0.000    0.000  283.600 0.000 2306
Element:     219  0.000    0.0    0.00 0.000000   920M0  -700.0   700.0 -4215.93 0.100000    0.000    0.000    0.000  281.900 0.000 2305
Element:     220  0.000    0.0    0.00 0.000000   889M0  -700.0   700.0 -4209.30 0.100000    0.000    0.000    0.000  280.200 0.000 2595
Element:     221  0.000    0.0    0.00 0.000000   872M0  -700.0   700.0 -4207.83 0.100000    0.000    0.000    0.000  278.500 0.000 2592
Element:     222  0.000    0.0    0.00 0.000000   873M0  -700.0   700.0 -4206.89 0.100000    0.000    0.000    0.000  276.900 0.000 2594
Element:     223  0.000    0.0    0.00 0.000000   888M0  -700.0   700.0 -4204.99 0.100000    0.000    0.000    0.000  275.200 0.000 2593
Element:     224  0.000    0.0    0.00 0.000000  1049M0  -700.0   700.0 -4211.12 0.100000    0.000    0.000    0.000  273.700 0.000 2051
Element:     225  0.000    0.0    0.00 0.000000  1032M0  -700.0   700.0 -4212.42 0.100000    0.000    0.000    0.000  272.100 0.000 2048
Element:     226  0.000    0.0    0.00 0.000000  1033M0  -700.0   700.0 -4220.99 0.100000    0.000    0.000    0.000  270.400 0.000 2050
Element:     227  0.000    0.0    0.00 0.000000  1048M0  -700.0   700.0 -4214.86 0.100000    0.000    0.000    0.000  268.800 0.000 2049
Element:     228  0.000    0.0    0.00 0.000000  1017M0  -700.0   700.0 -4204.92 0.100000    0.000    0.000    0.000  267.100 0.000 2659
Element:     229  0.000    0.0    0.00 0.000000  1000M0  -700.0   700.0 -4205.70 0.100000    0.000    0.000    0.000  265.500 0.000 2656
Element:     230  0.000    0.0    0.00 0.000000  1001M0  -700.0   700.0 -4198.58 0.100000    0.000    0.000    0.000  263.900 0.000 2658
Element:     231  0.000    0.0    0.00 0.000000  1016M0  -700.0   700.0 -4201.19 0.100000    0.000    0.000    0.000  262.300 0.000 2657
Element:     232  0.000    0.0    0.00 0.000000  1177M0  -700.0   700.0 -4235.66 0.100000    0.000    0.000    0.000  260.900 0.000 2947
Element:     233  0.000    0.0    0.00 0.000000  1160M0  -700.0   700.0 -4234.03 0.100000    0.000    0.000    0.000  259.200 0.000 2944
Element:     234  0.000    0.0    0.00 0.000000  1161M0  -700.0   700.0 -4237.48 0.100000    0.000    0.000    0.000  257.600 0.000 2946
Element:     235  0.000    0.0    0.00 0.000000  1176M0  -700.0   700.0 -4236.86 0.100000    0.000    0.000    0.000  256.000 0.000 2945
Element:     236  0.000    0.0    0.00 0.000000  1145M0  -700.0   700.0 -4190.11 0.100000    0.000    0.000    0.000  254.400 0.000 2915
Element:     237  0.000    0.0    0.00 0.000000  1128M0  -700.0   700.0 -4187.12 0.100000    0.000    0.000    0.000  252.800 0.000 2912
Element:     238  0.000    0.0    0.00 0.000000  1129M0  -700.0   700.0 -4184.68 0.100000    0.000    0.000    0.000  251.300 0.000 2914
Element:     239  0.000    0.0    0.00 0.000000  1144M0  -700.0   700.0 -4185.55 0.100000    0.000    0.000    0.000  249.700 0.000 2913
Element:     240  0.000    0.0    0.00 0.000000   859M0  -700.0   700.0 -4225.25 0.100000    0.000    0.000    0.000  248.300 0.000 2087
Element:     241  0.000    0.0    0.00 0.000000   842M0  -700.0   700.0 -4220.63 0.100000    0.000    0.000    0.000  246.800 0.000 2084
Element:     242  0.000    0.0    0.00 0.000000   843M0  -700.0   700.0 -4226.01 0.100000    0.000    0.000    0.000  245.200 0.000 2086
Element:     243  0.000    0.0    0.00 0.000000   858M0  -700.0   700.0 -4225.92 0.100000    0.000    0.000    0.000  243.600 0.000 2085
Element:     244  0.000    0.0    0.00 0.000000   827M0  -700.0   700.0 -4230.28 0.100000    0.000    0.000    0.000  242.100 0.000 2887
Element:     245  0.000    0.0    0.00 0.000000   810M0  -700.0   700.0 -4226.95 0.100000    0.000    0.000    0.000  240.500 0.000 2884
Element:     246  0.000    0.0    0.00 0.000000   811M0  -700.0   700.0 -4221.47 0.100000    0.000    0.000    0.000  239.000 0.000 2886
Element:     247  0.000    0.0    0.00 0.000000   826M0  -700.0   700.0 -4225.11 0.100000    0.000    0.000    0.000  237.500 0.000 2885
Element:     248  0.000    0.0    0.00 0.000000   987M0  -700.0   700.0 -4227.44 0.100000    0.000    0.000    0.000  236.200 0.000 2375
Element:     249  0.000    0.0    0.00 0.000000   970M0  -700.0   700.0 -4224.62 0.100000    0.000    0.000    0.000  234.600 0.000 2372
Element:     250  0.000    0.0    0.00 0.000000   971M0  -700.0   700.0 -4224.84 0.100000    0.000    0.000    0.000  233.100 0.000 2374
Element:     251  0.000    0.0    0.00 0.000000   986M0  -700.0   700.0 -4225.61 0.100000    0.000    0.000    0.000  231.600 0.000 2373
Element:     252  0.000    0.0    0.00 0.000000   955M0  -700.0   700.0 -4220.96 0.100000    0.000    0.000    0.000  230.100 0.000 2023
Element:     253  0.000    0.0    0.00 0.000000   938M0  -700.0   700.0 -4215.33 0.100000    0.000    0.000    0.000  228.600 0.000 2020
Element:     254  0.000    0.0    0.00 0.000000   939M0  -700.0   700.0 -4215.56 0.100000    0.000    0.000    0.000  227.100 0.000 2022
Element:     255  0.000    0.0    0.00 0.000000   954M0  -700.0   700.0 -4197.59 0.100000    0.000    0.000    0.000  225.600 0.000 2021
Element:     256  0.000    0.0    0.00 0.000000  1115M0  -700.0   700.0 -4204.78 0.100000    0.000    0.000    0.000  224.300 0.000 2631
Element:     257  0.000    0.0    0.00 0.000000  1098M0  -700.0   700.0 -4202.25 0.100000    0.000    0.000    0.000  222.800 0.000 2628
Element:     258  0.000    0.0    0.00 0.000000  1099M0  -700.0   700.0 -4202.79 0.100000    0.000    0.000    0.000  221.300 0.000 2630
Element:     259  0.000    0.0    0.00 0.000000  1114M0  -700.0   700.0 -4202.55 0.100000    0.000    0.000    0.000  219.900 0.000 2629
Element:     260  0.000    0.0    0.00 0.000000  1083M0  -700.0   700.0 -4207.35 0.100000    0.000    0.000    0.000  218.400 0.000 2343
Element:     261  0.000    0.0    0.00 0.000000  1066M0  -700.0   700.0 -4201.88 0.100000    0.000    0.000    0.000  216.900 0.000 2340
Element:     262  0.000    0.0    0.00 0.000000  1067M0  -700.0   700.0 -4206.36 0.100000    0.000    0.000    0.000  215.500 0.000 2342
Element:     263  0.000    0.0    0.00 0.000000  1082M0  -700.0   700.0 -4191.67 0.100000    0.000    0.000    0.000  214.100 0.000 2341
Element:     264  0.000    0.0    0.00 0.000000   923M0  -700.0   700.0 -4241.14 0.100000    0.000    0.000    0.000  212.800 0.000 2311
Element:     265  0.000    0.0    0.00 0.000000   906M0  -700.0   700.0 -4235.58 0.100000    0.000    0.000    0.000  211.400 0.000 2308
Element:     266  0.000    0.0    0.00 0.000000   907M0  -700.0   700.0 -4237.51 0.100000    0.000    0.000    0.000  209.900 0.000 2310
Element:     267  0.000    0.0    0.00 0.000000   922M0  -700.0   700.0 -4239.51 0.100000    0.000    0.000    0.000  208.500 0.000 2309
Element:     268  0.000    0.0    0.00 0.000000   891M0  -700.0   700.0 -4232.14 0.100000    0.000    0.000    0.000  207.100 0.000 2599
Element:     269  0.000    0.0    0.00 0.000000   874M0  -700.0   700.0 -4228.89 0.100000    0.000    0.000    0.000  205.700 0.000 2596
Element:     270  0.000    0.0    0.00 0.000000   875M0  -700.0   700.0 -4234.20 0.100000    0.000    0.000    0.000  204.300 0.000 2598
Element:     271  0.000    0.0    0.00 0.000000   890M0  -700.0   700.0 -4222.97 0.100000    0.000    0.000    0.000  202.900 0.000 2597
Element:     272  0.000    0.0    0.00 0.000000  1051M0  -700.0   700.0 -4232.24 0.100000    0.000    0.000    0.000  201.700 0.000 2055
Element:     273  0.000    0.0    0.00 0.000000  1034M0  -700.0   700.0 -4224.62 0.100000    0.000    0.000    0.000  200.300 0.000 2052
Element:     274  0.000    0.0    0.00 0.000000  1035M0  -700.0   700.0 -4236.68 0.100000    0.000    0.000    0.000  198.900 0.000 2054
Element:     275  0.000    0.0    0.00 0.000000  1050M0  -700.0   700.0 -4233.16 0.100000    0.000    0.000    0.000  197.500 0.000 2053
Element:     276  0.000    0.0    0.00 0.000000  1019M0  -700.0   700.0 -4231.94 0.100000    0.000    0.000    0.000  196.100 0.000 2663
Element:     277  0.000    0.0    0.00 0.000000  1002M0  -700.0   700.0 -4228.39 0.100000    0.000    0.000    0.000  194.700 0.000 2660
Element:     278  0.000    0.0    0.00 0.000000  1003M0  -700.0   700.0 -4221.80 0.100000    0.000    0.000    0.000  193.400 0.000 2662
Element:     279  0.000    0.0    0.00 0.000000  1018M0  -700.0   700.0 -4227.22 0.100000    0.000    0.000    0.000  192.000 0.000 2661
Element:     280  0.000    0.0    0.00 0.000000  1179M0  -700.0   700.0 -4242.35 0.100000    0.000    0.000    0.000  190.900 0.000 2951
Element:     281  0.000    0.0    0.00 0.000000  1162M0  -700.0   700.0 -4238.91 0.100000    0.000    0.000    0.000  189.500 0.000 2948
Element:     282  0.000    0.0    0.00 0.000000  1163M0  -700.0   700.0 -4250.02 0.100000    0.000    0.000    0.000  188.100 0.000 2950
Element:     283  0.000    0.0    0.00 0.000000  1178M0  -700.0   700.0 -4248.07 0.100000    0.000    0.000    0.000  186.800 0.000 2949
Element:     284  0.000    0.0    0.00 0.000000  1147M0  -700.0   700.0 -4210.15 0.100000    0.000    0.000    0.000  185.400 0.000 2919
Element:     285  0.000    0.0    0.00 0.000000  1130M0  -700.0   700.0 -4205.46 0.100000    0.000    0.000    0.000  184.100 0.000 2916
Element:     286  0.000    0.0    0.00 0.000000  1131M0  -700.0   700.0 -4209.04 0.100000    0.000    0.000    0.000  182.800 0.000 2918
Element:     287  0.000    0.0    0.00 0.000000  1146M0  -700.0   700.0 -4167.28 0.100000    0.000    0.000    0.000  181.500 0.000 2917
Element:     288  0.000    0.0    0.00 0.000000   861M0  -700.0   700.0 -4243.61 0.100000    0.000    0.000    0.000  180.400 0.000 2091
Element:     289  0.000    0.0    0.00 0.000000   844M0  -700.0   700.0 -4238.75 0.100000    0.000    0.000    0.000  179.000 0.000 2088
Element:     290  0.000    0.0    0.00 0.000000   845M0  -700.0   700.0 -4245.06 0.100000    0.000    0.000    0.000  177.700 0.000 2090
Element:     291  0.000    0.0    0.00 0.000000   860M0  -700.0   700.0 -4241.18 0.100000    0.000    0.000    0.000  176.400 0.000 2089
Element:     292  0.000    0.0    0.00 0.000000   829M0  -700.0   700.0 -4240.68 0.100000    0.000    0.000    0.000  175.100 0.000 2891
Element:     293  0.000    0.0    0.00 0.000000   812M0  -700.0   700.0 -4244.89 0.100000    0.000    0.000    0.000  173.800 0.000 2888
Element:     294  0.000    0.0    0.00 0.000000   813M0  -700.0   700.0 -4239.41 0.100000    0.000    0.000    0.000  172.500 0.000 2890
Element:     295  0.000    0.0    0.00 0.000000   828M0  -700.0   700.0 -4238.70 0.100000    0.000    0.000    0.000  171.300 0.000 2889
Element:     296  0.000    0.0    0.00 0.000000   989M0  -700.0   700.0 -4237.76 0.100000    0.000    0.000    0.000  170.200 0.000 2379
Element:     297  0.000    0.0    0.00 0.000000   972M0  -700.0   700.0 -4238.13 0.100000    0.000    0.000    0.000  168.900 0.000 2376
Element:     298  0.000    0.0    0.00 0.000000   973M0  -700.0   700.0 -4241.65 0.100000    0.000    0.000    0.000  167.600 0.000 2378
Element:     299  0.000    0.0    0.00 0.000000   988M0  -700.0   700.0 -4239.04 0.100000    0.000    0.000    0.000  166.400 0.000 2377
Element:     300  0.000    0.0    0.00 0.000000   957M0  -700.0   700.0 -4236.50 0.100000    0.000    0.000    0.000  165.100 0.000 2027
Element:     301  0.000    0.0    0.00 0.000000   940M0  -700.0   700.0 -4232.77 0.100000    0.000    0.000    0.000  163.900 0.000 2024
Element:     302  0.000    0.0    0.00 0.000000   941M0  -700.0   700.0 -4229.28 0.100000    0.000    0.000    0.000  162.600 0.000 2026
Element:     303  0.000    0.0    0.00 0.000000   956M0  -700.0   700.0 -4233.19 0.100000    0.000    0.000    0.000  161.400 0.000 2025
Element:     304  0.000    0.0    0.00 0.000000  1117M0  -700.0   700.0 -4217.10 0.100000    0.000    0.000    0.000  160.400 0.000 2635
Element:     305  0.000    0.0    0.00 0.000000  1100M0  -700.0   700.0 -4216.90 0.100000    0.000    0.000    0.000  159.100 0.000 2632
Element:     306  0.000    0.0    0.00 0.000000  1101M0  -700.0   700.0 -4220.72 0.100000    0.000    0.000    0.000  157.900 0.000 2634
Element:     307  0.000    0.0    0.00 0.000000  1116M0  -700.0   700.0 -4216.06 0.100000    0.000    0.000    0.000  156.700 0.000 2633
Element:     308  0.000    0.0    0.00 0.000000  1085M0  -700.0   700.0 -4218.96 0.100000    0.000    0.000    0.000  155.400 0.000 2347
Element:     309  0.000    0.0    0.00 0.000000  1068M0  -700.0   700.0 -4214.97 0.100000    0.000    0.000    0.000  154.200 0.000 2344
Element:     310  0.000    0.0    0.00 0.000000  1069M0  -700.0   700.0 -4207.74 0.100000    0.000    0.000    0.000  153.100 0.000 2346
Element:     311  0.000    0.0    0.00 0.000000  1084M0  -700.0   700.0 -4212.06 0.100000    0.000    0.000    0.000  151.900 0.000 2345
Element:     312  0.000    0.0    0.00 0.000000   925M0  -700.0   700.0 -4246.97 0.100000    0.000    0.000    0.000  150.900 0.000 2315
Element:     313  0.000    0.0    0.00 0.000000   908M0  -700.0   700.0 -4243.04 0.100000    0.000    0.000    0.000  149.700 0.000 2312
Element:     314  0.000    0.0    0.00 0.000000   909M0  -700.0   700.0 -4257.61 0.100000    0.000    0.000    0.000  148.500 0.000 2314
Element:     315  0.000    0.0    0.00 0.000000   924M0  -700.0   700.0 -4246.15 0.100000    0.000    0.000    0.000  147.300 0.000 2313
Element:     316  0.000    0.0    0.00 0.000000   893M0  -700.0   700.0 -4240.11 0.100000    0.000    0.000    0.000  146.100 0.000 2603
Element:     317  0.000    0.0    0.00 0.000000   876M0  -700.0   700.0 -4244.81 0.100000    0.000    0.000    0.000  144.900 0.000 2600
Element:     318  0.000    0.0    0.00 0.000000   877M0  -700.0   700.0 -4238.84 0.100000    0.000    0.000    0.000  143.800 0.000 2602
Element:     319  0.000    0.0    0.00 0.000000   892M0  -700.0   700.0 -4238.88 0.100000    0.000    0.000    0.000  142.700 0.000 2601
Element:     320  0.000    0.0    0.00 0.000000  1053M0  -700.0   700.0 -4242.61 0.100000    0.000    0.000    0.000  141.700 0.000 2059
Element:     321  0.000    0.0    0.00 0.000000  1036M0  -700.0   700.0 -4241.51 0.100000    0.000    0.000    0.000  140.500 0.000 2056
Element:     322  0.000    0.0    0.00 0.000000  1037M0  -700.0   700.0 -4250.18 0.100000    0.000    0.000    0.000  139.400 0.000 2058
Element:     323  0.000    0.0    0.00 0.000000  1052M0  -700.0   700.0 -4244.13 0.100000    0.000    0.000    0.000  138.200 0.000 2057
Element:     324  0.000    0.0    0.00 0.000000  1021M0  -700.0   700.0 -4238.67 0.100000    0.000    0.000    0.000  137.100 0.000 2667
Element:     325  0.000    0.0    0.00 0.000000  1004M0  -700.0   700.0 -4239.23 0.100000    0.000    0.000    0.000  136.000 0.000 2664
Element:     326  0.000    0.0    0.00 0.000000  1005M0  -700.0   700.0 -4236.22 0.100000    0.000    0.000    0.000  134.900 0.000 2666
Element:     327  0.000    0.0    0.00 0.000000  1020M0  -700.0   700.0 -4236.31 0.100000    0.000    0.000    0.000  133.800 0.000 2665
##
Initialise: 
Display: 1D Nhits       96 0 96
Display: 1D NhitsPrompt 32 0 32
Display: 1D NhitsRand   32 0 32
Display: 1D Hits        328 0 328
Display: 1D HitsPrompt  328 0 328
Display: 1D HitsRand    328 0 328
Display: 1D TimeOR     1200 -450.0 750.0
Display: 1D TimeAll    1200 -450.0 750.0
#Display: 1D Time  400 -200.0 200.0   0 328
Display: 1D Eelect   1000 0 1000.0
Display: 1D ScalerCurr 328 0 328
Display: 1D ScalerAcc  328 0 328
Display: 1D Doubles  	328 0 328
Display: 1D NDoubles  	64 0 64
#Display: 2D TimeOR   200 -200.0 200.0 -1 Hits 328 0 328 -1
#Display: 2D TimeOR   200 -200.0 200.0 -1 Doubles 328 0 328 -1
Display: 2D TimeOR   600 -450.0 750.0 -1 Hits 328 0 328 -1
Display: 2D TimeOR   600 -450.0 750.0 -1 Doubles 328 0 328 -1
Display: 2D TimeAll  600 -450.0 750.0 -1 Hits 328 0 328 -1